../../../../.git/annex/objects/5k/pv/MD5E-s58690--6b2b9dddf0541d2281165afe01831f9e.tsv/MD5E-s58690--6b2b9dddf0541d2281165afe01831f9e.tsv