../../../../.git/annex/objects/15/M1/MD5E-s634--107e74b465a97966d7454d7d8dd44b01.tsv/MD5E-s634--107e74b465a97966d7454d7d8dd44b01.tsv