../../../../.git/annex/objects/x3/w2/MD5E-s3908578--9e1cd35e14ac8d20103e159f02eaa020.tsv/MD5E-s3908578--9e1cd35e14ac8d20103e159f02eaa020.tsv