../../../../.git/annex/objects/xZ/V2/MD5E-s1237--8ed26faedca1d0468404cd996d70e123.tsv/MD5E-s1237--8ed26faedca1d0468404cd996d70e123.tsv