../../../../.git/annex/objects/7w/pV/MD5E-s1235--8b8eb2ea216997164db3c3c5e313e61e.tsv/MD5E-s1235--8b8eb2ea216997164db3c3c5e313e61e.tsv