../../../../.git/annex/objects/pJ/j1/MD5E-s1014992--8bbfd9b749efcc2ccfea262d4fddf66d.tsv/MD5E-s1014992--8bbfd9b749efcc2ccfea262d4fddf66d.tsv