../../../../.git/annex/objects/Pw/9z/MD5E-s42787--6e966d5af87e73daf69a07a68fc4c185.tsv/MD5E-s42787--6e966d5af87e73daf69a07a68fc4c185.tsv