../../../../.git/annex/objects/Pg/Pz/MD5E-s1235--a1802cc719ae933a1faf1c7a266c55fd.tsv/MD5E-s1235--a1802cc719ae933a1faf1c7a266c55fd.tsv