../../../../.git/annex/objects/PP/x7/MD5E-s1233--e9489684f3c4fb7dda36d557bf99f5eb.tsv/MD5E-s1233--e9489684f3c4fb7dda36d557bf99f5eb.tsv