../../../../.git/annex/objects/Z1/k4/MD5E-s7391--18879ae118af6a1c4e43b63bda0bcab5.tsv/MD5E-s7391--18879ae118af6a1c4e43b63bda0bcab5.tsv