../../../../.git/annex/objects/Q4/V2/MD5E-s58648--a42376765fe4115ac821d00ad0d7b631.tsv/MD5E-s58648--a42376765fe4115ac821d00ad0d7b631.tsv