../../../../.git/annex/objects/Fz/76/MD5E-s11215--7528b8833130e7d420eb92a73b522717.tsv/MD5E-s11215--7528b8833130e7d420eb92a73b522717.tsv