../../../../.git/annex/objects/wW/mp/MD5E-s7363--a3ae30940d40f4ae5af6585fa0b22805.tsv/MD5E-s7363--a3ae30940d40f4ae5af6585fa0b22805.tsv