../../../../.git/annex/objects/3z/z3/MD5E-s1251--85d11cbb404c836936f474c3cbdabb51.tsv/MD5E-s1251--85d11cbb404c836936f474c3cbdabb51.tsv