../../../../.git/annex/objects/qV/3w/MD5E-s1241--59983939cf93dded2582e5f0c91c81a0.tsv/MD5E-s1241--59983939cf93dded2582e5f0c91c81a0.tsv