../../../../.git/annex/objects/2x/FV/MD5E-s20968758--72b75fdb253b14d73bb89d19ca48cbb9.tsv/MD5E-s20968758--72b75fdb253b14d73bb89d19ca48cbb9.tsv