../../../../.git/annex/objects/VZ/jG/MD5E-s42437--4d5f943bb81108e1a70b2e618cdff365.tsv/MD5E-s42437--4d5f943bb81108e1a70b2e618cdff365.tsv