../../../../.git/annex/objects/fW/FP/MD5E-s1251--a8cd7abaf937782a6c398710464a5afa.tsv/MD5E-s1251--a8cd7abaf937782a6c398710464a5afa.tsv