../../../../.git/annex/objects/M9/pW/MD5E-s7329--f9801ddd6ef06de6f5b5b0efae2774ec.tsv/MD5E-s7329--f9801ddd6ef06de6f5b5b0efae2774ec.tsv