../../../../.git/annex/objects/KW/2G/MD5E-s7329--6aca22958b63d218ff7449103b69c3a3.tsv/MD5E-s7329--6aca22958b63d218ff7449103b69c3a3.tsv