../../../../.git/annex/objects/xz/KW/MD5E-s25498264--729cec535e44f0811cb59135d80dbb65.tsv/MD5E-s25498264--729cec535e44f0811cb59135d80dbb65.tsv