../../../../.git/annex/objects/FX/95/MD5E-s7329--273d648f68a1790864314503e31741b3.tsv/MD5E-s7329--273d648f68a1790864314503e31741b3.tsv