../../../../.git/annex/objects/4v/7Q/MD5E-s4078554--4d0d7ee400265b85ca7a33e555990ba3.tsv/MD5E-s4078554--4d0d7ee400265b85ca7a33e555990ba3.tsv