../../../../.git/annex/objects/vW/pM/MD5E-s1018747--340dd01c8ac56e3e344450e9d17550b5.tsv/MD5E-s1018747--340dd01c8ac56e3e344450e9d17550b5.tsv