../../../../.git/annex/objects/Q5/vp/MD5E-s3913592--ff610048603d8ce780732398b1b6a7f0.tsv/MD5E-s3913592--ff610048603d8ce780732398b1b6a7f0.tsv