../../../../.git/annex/objects/71/J2/MD5E-s2290206--9c22267cddb4981a476e9267e91ccfe9.tsv/MD5E-s2290206--9c22267cddb4981a476e9267e91ccfe9.tsv