../../../../.git/annex/objects/q2/Jv/MD5E-s1253--c0205613aa6e8678cf207faf9eb31b79.tsv/MD5E-s1253--c0205613aa6e8678cf207faf9eb31b79.tsv