../../../../.git/annex/objects/PF/P9/MD5E-s7361--c650dcb54305f9f0145a93fbb7b44408.tsv/MD5E-s7361--c650dcb54305f9f0145a93fbb7b44408.tsv