../../../../.git/annex/objects/Qq/QQ/MD5E-s11159--82187205a6830f8d38b4a576cc231af5.tsv/MD5E-s11159--82187205a6830f8d38b4a576cc231af5.tsv