../../../../.git/annex/objects/gJ/8G/MD5E-s825962--d4d6ca32345103af701817a1f832f10c.tsv/MD5E-s825962--d4d6ca32345103af701817a1f832f10c.tsv