../../../../.git/annex/objects/44/qG/MD5E-s342762--6d85d6caaec6095bdaeece11f52161ef.tsv/MD5E-s342762--6d85d6caaec6095bdaeece11f52161ef.tsv