../../../../.git/annex/objects/7m/fz/MD5E-s342470--083635268a63b952121e04929623b987.tsv/MD5E-s342470--083635268a63b952121e04929623b987.tsv