../../../../.git/annex/objects/Mw/wV/MD5E-s25496772--522800576224bf2283cb45962a02585e.tsv/MD5E-s25496772--522800576224bf2283cb45962a02585e.tsv