../../../../.git/annex/objects/gj/3X/MD5E-s25471912--491c8b57db7b3c59c3e1a6dcbeeebb52.tsv/MD5E-s25471912--491c8b57db7b3c59c3e1a6dcbeeebb52.tsv