../../../../.git/annex/objects/QJ/j2/MD5E-s7311--de964b7c4df6e7f9f85a7c13fc76107e.tsv/MD5E-s7311--de964b7c4df6e7f9f85a7c13fc76107e.tsv