../../../../.git/annex/objects/Xv/G8/MD5E-s3903432--c88e840b100ae8e3b95da5dbfa8af36d.tsv/MD5E-s3903432--c88e840b100ae8e3b95da5dbfa8af36d.tsv