../../../../.git/annex/objects/mZ/XQ/MD5E-s3918166--b1b2ccc93db5e7359bd06bcedd277e2f.tsv/MD5E-s3918166--b1b2ccc93db5e7359bd06bcedd277e2f.tsv