../../../../.git/annex/objects/21/3w/MD5E-s1018800--9346e56303b7d545f912d19eedfccd21.tsv/MD5E-s1018800--9346e56303b7d545f912d19eedfccd21.tsv