../../../../.git/annex/objects/j3/6Z/MD5E-s7359--114dc564a1ba373e6ed2a900d8aa641e.tsv/MD5E-s7359--114dc564a1ba373e6ed2a900d8aa641e.tsv