../../../../.git/annex/objects/JV/g6/MD5E-s1018802--1733b0c900b07bfb16ddfe1cc5474b3f.tsv/MD5E-s1018802--1733b0c900b07bfb16ddfe1cc5474b3f.tsv