../../../../.git/annex/objects/44/vP/MD5E-s42847--a031709465576c08c4a01ff86a92380c.tsv/MD5E-s42847--a031709465576c08c4a01ff86a92380c.tsv