../../../../.git/annex/objects/vV/xz/MD5E-s1018732--21b10ded528ee72b5fb7d90e10094862.tsv/MD5E-s1018732--21b10ded528ee72b5fb7d90e10094862.tsv