../../../../.git/annex/objects/Jp/pj/MD5E-s2285526--c98de5586a6a956f93a315ceaa97e319.tsv/MD5E-s2285526--c98de5586a6a956f93a315ceaa97e319.tsv