../../../../.git/annex/objects/m6/Qg/MD5E-s20921473--a32d26ade4bd0bbb6e06da90d2650d94.tsv/MD5E-s20921473--a32d26ade4bd0bbb6e06da90d2650d94.tsv