../../../../.git/annex/objects/x4/9j/MD5E-s627--c8d46b1a5fd6c71b76583dac36bb69cd.tsv/MD5E-s627--c8d46b1a5fd6c71b76583dac36bb69cd.tsv