../../../../.git/annex/objects/X9/jz/MD5E-s7349--3175eeef0a3d1a5cc3ecfe1f866d8fbd.tsv/MD5E-s7349--3175eeef0a3d1a5cc3ecfe1f866d8fbd.tsv