../../../../.git/annex/objects/8q/V7/MD5E-s619--148cf78c962ccb1bd2ebcbc9a30b4c26.tsv/MD5E-s619--148cf78c962ccb1bd2ebcbc9a30b4c26.tsv