../../../../.git/annex/objects/FM/Pq/MD5E-s2289518--7b60cd404a537b286c9cf476b2933836.tsv/MD5E-s2289518--7b60cd404a537b286c9cf476b2933836.tsv