../../../../.git/annex/objects/J1/V1/MD5E-s812320--63c4509107148e2212b7d59dea014a8b.tsv/MD5E-s812320--63c4509107148e2212b7d59dea014a8b.tsv