../../../../.git/annex/objects/Jm/fj/MD5E-s11199--c7bac68a0238d90809848d33a2605bb9.tsv/MD5E-s11199--c7bac68a0238d90809848d33a2605bb9.tsv