../../../../.git/annex/objects/mv/qv/MD5E-s819918--45f13026e4343c2566591eb7be2a87a0.tsv/MD5E-s819918--45f13026e4343c2566591eb7be2a87a0.tsv