../../../../.git/annex/objects/p1/k3/MD5E-s58782--93c200de75c7a47479db4266dfd9787c.tsv/MD5E-s58782--93c200de75c7a47479db4266dfd9787c.tsv