../../../../.git/annex/objects/jm/m9/MD5E-s628--d8e3de929e4abf4d7360ce8b6e18d224.tsv/MD5E-s628--d8e3de929e4abf4d7360ce8b6e18d224.tsv