../../../../.git/annex/objects/xQ/f8/MD5E-s25331224--c7c8e07ebdbcb68c615ae3b5e45eed28.tsv/MD5E-s25331224--c7c8e07ebdbcb68c615ae3b5e45eed28.tsv