../../../../.git/annex/objects/vV/5j/MD5E-s7371--a193bc7339fce3665630c199cdd96957.tsv/MD5E-s7371--a193bc7339fce3665630c199cdd96957.tsv