../../../../.git/annex/objects/Ww/g7/MD5E-s58536--d663ea325e2cbd5823d128a953fe86e4.tsv/MD5E-s58536--d663ea325e2cbd5823d128a953fe86e4.tsv