../../../../.git/annex/objects/Jp/wZ/MD5E-s3907634--9283cdd508eb86d59fa68b01c631051d.tsv/MD5E-s3907634--9283cdd508eb86d59fa68b01c631051d.tsv