../../../../.git/annex/objects/7k/Mf/MD5E-s3918714--3afa136e599196d60c51796708f9ab5c.tsv/MD5E-s3918714--3afa136e599196d60c51796708f9ab5c.tsv