../../../../.git/annex/objects/Kp/5f/MD5E-s626--eb8e3e7154821a8c96a029f6af879ce9.tsv/MD5E-s626--eb8e3e7154821a8c96a029f6af879ce9.tsv