../../../../.git/annex/objects/5v/4J/MD5E-s7341--9ac493e09dc2109bffaec6a226c1a8c1.tsv/MD5E-s7341--9ac493e09dc2109bffaec6a226c1a8c1.tsv