../../../../.git/annex/objects/X8/7G/MD5E-s7347--6b3185feffe0c23d50a77d051df41875.tsv/MD5E-s7347--6b3185feffe0c23d50a77d051df41875.tsv