../../../../.git/annex/objects/ZG/Wp/MD5E-s343248--9ade92dad6039293987872574e7ab29a.tsv/MD5E-s343248--9ade92dad6039293987872574e7ab29a.tsv