../../../../.git/annex/objects/vP/8f/MD5E-s2289040--9ae1ead35660cf702e261ba1fc1ddaf2.tsv/MD5E-s2289040--9ae1ead35660cf702e261ba1fc1ddaf2.tsv