../../../../.git/annex/objects/p7/QQ/MD5E-s342540--e277799b042a0bd36ae38991d2010a45.tsv/MD5E-s342540--e277799b042a0bd36ae38991d2010a45.tsv