../../../../.git/annex/objects/Vf/Pp/MD5E-s7347--13b9cdaf3657fd5dc184a88e3978aaec.tsv/MD5E-s7347--13b9cdaf3657fd5dc184a88e3978aaec.tsv