../../../../.git/annex/objects/0V/FF/MD5E-s42633--02f86c829c457893e23cf1c76e5c3fb3.tsv/MD5E-s42633--02f86c829c457893e23cf1c76e5c3fb3.tsv