../../../../.git/annex/objects/Qj/0J/MD5E-s11225--6401f2be361d289a56be8f10e2fd1ff2.tsv/MD5E-s11225--6401f2be361d289a56be8f10e2fd1ff2.tsv