../../../../.git/annex/objects/7F/9X/MD5E-s636--e79121f5ae97c388ef755b783e03edee.tsv/MD5E-s636--e79121f5ae97c388ef755b783e03edee.tsv