../../../../.git/annex/objects/5p/JX/MD5E-s3879884--d62a5d2633997ae037a7f80bc561b92f.tsv/MD5E-s3879884--d62a5d2633997ae037a7f80bc561b92f.tsv