../../../../.git/annex/objects/PF/mM/MD5E-s268375--d15023d92b939cd58342f0c220038e5b.tsv/MD5E-s268375--d15023d92b939cd58342f0c220038e5b.tsv