../../../../.git/annex/objects/4W/jW/MD5E-s342394--34e4b58ae399ecede51814b4d552b1db.tsv/MD5E-s342394--34e4b58ae399ecede51814b4d552b1db.tsv