../../../../.git/annex/objects/pq/2W/MD5E-s58658--d1e290a09f166609b756ff13245e0fd6.tsv/MD5E-s58658--d1e290a09f166609b756ff13245e0fd6.tsv