../../../../.git/annex/objects/m2/Xm/MD5E-s342624--23c5ddbc05d18dac25109aee3aab0e79.tsv/MD5E-s342624--23c5ddbc05d18dac25109aee3aab0e79.tsv