../../../../.git/annex/objects/pF/9w/MD5E-s7341--cd004addbe45f70f429fd0d70bfbc5a0.tsv/MD5E-s7341--cd004addbe45f70f429fd0d70bfbc5a0.tsv