../../../../.git/annex/objects/86/wP/MD5E-s21017429--b4693a1b3e2367234d3d3d9daaf5c657.tsv/MD5E-s21017429--b4693a1b3e2367234d3d3d9daaf5c657.tsv