../../../../.git/annex/objects/M3/Jz/MD5E-s825376--738c2dc9fa57da4f1e9ad42c0f13b8a3.tsv/MD5E-s825376--738c2dc9fa57da4f1e9ad42c0f13b8a3.tsv