../../../../.git/annex/objects/WP/kK/MD5E-s1014490--4091e569adddfb4252cd63767ce73e9b.tsv/MD5E-s1014490--4091e569adddfb4252cd63767ce73e9b.tsv