../../../../.git/annex/objects/mF/7j/MD5E-s3901956--7449b3e88ff815984fbf8a353ec39f7a.tsv/MD5E-s3901956--7449b3e88ff815984fbf8a353ec39f7a.tsv