../../../../.git/annex/objects/wW/JK/MD5E-s4076760--4c6567d2c063287dcd12e447a536a6fe.tsv/MD5E-s4076760--4c6567d2c063287dcd12e447a536a6fe.tsv