../../../../.git/annex/objects/Gq/jW/MD5E-s632--894f35bab19a2d5117ba24c3bbade95f.tsv/MD5E-s632--894f35bab19a2d5117ba24c3bbade95f.tsv