../../../../.git/annex/objects/Mv/kx/MD5E-s1021438--3218a0e81ba03092cf832c8d9b3fb243.tsv/MD5E-s1021438--3218a0e81ba03092cf832c8d9b3fb243.tsv