../../../../.git/annex/objects/2G/gp/MD5E-s58662--136ff8400609939fda48c4f79f28f78b.tsv/MD5E-s58662--136ff8400609939fda48c4f79f28f78b.tsv