../../../../.git/annex/objects/9Q/52/MD5E-s11181--fe4f2b4c471575e968aad81263ad4fe2.tsv/MD5E-s11181--fe4f2b4c471575e968aad81263ad4fe2.tsv