../../../../.git/annex/objects/vj/PP/MD5E-s58634--21caf219edeef25cc36f09f51be0a054.tsv/MD5E-s58634--21caf219edeef25cc36f09f51be0a054.tsv