../../../../.git/annex/objects/3K/jF/MD5E-s822994--7116289c35697e147cd2d14318ca1d4e.tsv/MD5E-s822994--7116289c35697e147cd2d14318ca1d4e.tsv