../../../../.git/annex/objects/vM/5J/MD5E-s58776--2b14885ef9451aea927d4caebb1476c6.tsv/MD5E-s58776--2b14885ef9451aea927d4caebb1476c6.tsv