../../../../.git/annex/objects/q0/pV/MD5E-s824514--3c9eed2f0341affe335d8c784a41a6a9.tsv/MD5E-s824514--3c9eed2f0341affe335d8c784a41a6a9.tsv