../../../../.git/annex/objects/4f/vP/MD5E-s2293546--023c7f02700510767697c3eb229f68f3.tsv/MD5E-s2293546--023c7f02700510767697c3eb229f68f3.tsv