../../../../.git/annex/objects/85/zX/MD5E-s1019463--c7ba482ede7e56e91c01877832ba77f2.tsv/MD5E-s1019463--c7ba482ede7e56e91c01877832ba77f2.tsv