../../../../.git/annex/objects/4p/P8/MD5E-s42791--1c1c2dd6c00811b879989c3ef0430840.tsv/MD5E-s42791--1c1c2dd6c00811b879989c3ef0430840.tsv