../../../../.git/annex/objects/XV/xj/MD5E-s2294710--645afcefc5cc8c98a390f0f64ee13b49.tsv/MD5E-s2294710--645afcefc5cc8c98a390f0f64ee13b49.tsv