../../../../.git/annex/objects/pf/Mv/MD5E-s2280766--3dd8d43995225dfe047c411e8e0a338b.tsv/MD5E-s2280766--3dd8d43995225dfe047c411e8e0a338b.tsv