../../../../.git/annex/objects/3g/Kf/MD5E-s7363--c50646beca136decfb6a731e0468a441.tsv/MD5E-s7363--c50646beca136decfb6a731e0468a441.tsv