../../../../.git/annex/objects/Q3/6k/MD5E-s1017888--0582ce97dbdbbc6dcf1b264bd00647f7.tsv/MD5E-s1017888--0582ce97dbdbbc6dcf1b264bd00647f7.tsv