../../../../.git/annex/objects/2W/3j/MD5E-s42733--f5b353c9ebd44ae75759e6273ea3da00.tsv/MD5E-s42733--f5b353c9ebd44ae75759e6273ea3da00.tsv