../../../../.git/annex/objects/zJ/Z9/MD5E-s7355--d9a529280fafa38e3ed5bbc0342cfea0.tsv/MD5E-s7355--d9a529280fafa38e3ed5bbc0342cfea0.tsv