../../../../.git/annex/objects/z8/q7/MD5E-s7353--35ffb235c884f62d437c7e682601b7fa.tsv/MD5E-s7353--35ffb235c884f62d437c7e682601b7fa.tsv