../../../../.git/annex/objects/g5/qM/MD5E-s1239--6722a7ed71c4bdb147c216f058e172ae.tsv/MD5E-s1239--6722a7ed71c4bdb147c216f058e172ae.tsv