../../../../.git/annex/objects/zQ/31/MD5E-s625--4236b83e633049763a3121182b1bbf92.tsv/MD5E-s625--4236b83e633049763a3121182b1bbf92.tsv