../../../../.git/annex/objects/J0/vx/MD5E-s7353--079bbd8a000765ed773f735493d8f6e8.tsv/MD5E-s7353--079bbd8a000765ed773f735493d8f6e8.tsv