../../../../.git/annex/objects/4Q/xF/MD5E-s25485836--e15f093e39321bbc83119b8d6af93ce8.tsv/MD5E-s25485836--e15f093e39321bbc83119b8d6af93ce8.tsv