../../../../.git/annex/objects/wf/qJ/MD5E-s3916976--ac0b90ea5510f4965a57860bcbf18e67.tsv/MD5E-s3916976--ac0b90ea5510f4965a57860bcbf18e67.tsv