../../../../.git/annex/objects/PP/jJ/MD5E-s1017158--94b773e3271540bdfa7067bcfa18b6d9.tsv/MD5E-s1017158--94b773e3271540bdfa7067bcfa18b6d9.tsv