../../../../.git/annex/objects/QX/1V/MD5E-s825978--076df3bf7bff82e1047c59721ca29b0a.tsv/MD5E-s825978--076df3bf7bff82e1047c59721ca29b0a.tsv