../../../../.git/annex/objects/jZ/x4/MD5E-s644--caa6a11660f7d2f9a7c727b6616268dd.tsv/MD5E-s644--caa6a11660f7d2f9a7c727b6616268dd.tsv