../../../../.git/annex/objects/9W/PZ/MD5E-s7363--63bbd29b084d62d2965f1dba92165864.tsv/MD5E-s7363--63bbd29b084d62d2965f1dba92165864.tsv