../../../../.git/annex/objects/0Q/xZ/MD5E-s7359--b4fa5a9a74a958de262f20362b3f3c93.tsv/MD5E-s7359--b4fa5a9a74a958de262f20362b3f3c93.tsv