../../../../.git/annex/objects/0j/WM/MD5E-s42859--74ca3883538a3d89612a05c1e9ce072e.tsv/MD5E-s42859--74ca3883538a3d89612a05c1e9ce072e.tsv