../../../../.git/annex/objects/W0/9X/MD5E-s7353--380a67f678764929e24b0926bbbbced3.tsv/MD5E-s7353--380a67f678764929e24b0926bbbbced3.tsv