../../../../.git/annex/objects/V7/W7/MD5E-s7253--c5c5b9dabb92d0962b88cc02afb2d34d.tsv/MD5E-s7253--c5c5b9dabb92d0962b88cc02afb2d34d.tsv