../../../../.git/annex/objects/4Z/M8/MD5E-s2282844--a5d14d5f26ec772b7dc73451bc5df076.tsv/MD5E-s2282844--a5d14d5f26ec772b7dc73451bc5df076.tsv