../../../../.git/annex/objects/kz/Xf/MD5E-s1243--39913a09af9ec1f025989c103ebb2cfa.tsv/MD5E-s1243--39913a09af9ec1f025989c103ebb2cfa.tsv