../../../../.git/annex/objects/80/fW/MD5E-s11217--8b54dff060ea01a579d45d94ffd48418.tsv/MD5E-s11217--8b54dff060ea01a579d45d94ffd48418.tsv