../../../../.git/annex/objects/0P/JJ/MD5E-s7287--015b841a3bb6e595e32bcff7b07d90ed.tsv/MD5E-s7287--015b841a3bb6e595e32bcff7b07d90ed.tsv