../../../../.git/annex/objects/vV/JW/MD5E-s25444850--d71dddc346908afddd5c39d1a85f22a3.tsv/MD5E-s25444850--d71dddc346908afddd5c39d1a85f22a3.tsv