../../../../.git/annex/objects/3j/2w/MD5E-s4081086--9d056de0613f779c907d82ddf9a3d1a6.tsv/MD5E-s4081086--9d056de0613f779c907d82ddf9a3d1a6.tsv