../../../../.git/annex/objects/fv/51/MD5E-s7337--8cfe47544aab2a8913e8b77076fa2a09.tsv/MD5E-s7337--8cfe47544aab2a8913e8b77076fa2a09.tsv