../../../../.git/annex/objects/ZV/vM/MD5E-s25438590--4d344438665e552eb5ca9736c00d270a.tsv/MD5E-s25438590--4d344438665e552eb5ca9736c00d270a.tsv