../../../../.git/annex/objects/ff/qz/MD5E-s25497166--51f701d01c749449a7abe3013ea2b0ce.tsv/MD5E-s25497166--51f701d01c749449a7abe3013ea2b0ce.tsv