../../../../.git/annex/objects/Qm/w5/MD5E-s25499456--09c2660bc0152c697334b5001794d755.tsv/MD5E-s25499456--09c2660bc0152c697334b5001794d755.tsv