../../../../.git/annex/objects/91/7F/MD5E-s7369--b9d9cf9d44a1fe9bed1c424a573ff3ac.tsv/MD5E-s7369--b9d9cf9d44a1fe9bed1c424a573ff3ac.tsv