../../../../.git/annex/objects/vK/p4/MD5E-s58640--859e1e0efd9390ecf2e014b1120fc1df.tsv/MD5E-s58640--859e1e0efd9390ecf2e014b1120fc1df.tsv