../../../../.git/annex/objects/KW/KP/MD5E-s2295978--f5bbdee0a6a77640c1af6cf677634f49.tsv/MD5E-s2295978--f5bbdee0a6a77640c1af6cf677634f49.tsv