../../../../.git/annex/objects/K2/Pj/MD5E-s620--7936c416a194bac88f8b1c50d8ab3516.tsv/MD5E-s620--7936c416a194bac88f8b1c50d8ab3516.tsv