../../../../.git/annex/objects/Vg/Pw/MD5E-s7349--58602c02866b1615623f02aee9334e4d.tsv/MD5E-s7349--58602c02866b1615623f02aee9334e4d.tsv