../../../../.git/annex/objects/fV/x4/MD5E-s58634--e4b57f7e4a4dbcf62a3deb670a5e3738.tsv/MD5E-s58634--e4b57f7e4a4dbcf62a3deb670a5e3738.tsv