../../../../.git/annex/objects/7m/Xf/MD5E-s7233--5753da60557c97d8482341af21d23950.tsv/MD5E-s7233--5753da60557c97d8482341af21d23950.tsv