../../../../.git/annex/objects/40/J5/MD5E-s825030--c85049d4f1ec0c5db68a26c1d8337508.tsv/MD5E-s825030--c85049d4f1ec0c5db68a26c1d8337508.tsv