../../../../.git/annex/objects/pf/74/MD5E-s4069590--d2834b8fb679264abaf323b3992265bb.tsv/MD5E-s4069590--d2834b8fb679264abaf323b3992265bb.tsv