../../../../.git/annex/objects/gv/zF/MD5E-s617--1cec882437555e8f97f9cad1428ea1a3.tsv/MD5E-s617--1cec882437555e8f97f9cad1428ea1a3.tsv