../../../../.git/annex/objects/2V/Qj/MD5E-s823640--cb3ac191fb4ac02ccf119b9d3e605436.tsv/MD5E-s823640--cb3ac191fb4ac02ccf119b9d3e605436.tsv