../../../../.git/annex/objects/XW/Jq/MD5E-s11223--3c4207ba6d317049fd6495462fe35e3a.tsv/MD5E-s11223--3c4207ba6d317049fd6495462fe35e3a.tsv