../../../../.git/annex/objects/9K/wX/MD5E-s25503984--ac00a1537cd844da27c166f1a65a623c.tsv/MD5E-s25503984--ac00a1537cd844da27c166f1a65a623c.tsv