../../../../.git/annex/objects/WX/jM/MD5E-s7279--247f736abceb069326915fa958fbcc4c.tsv/MD5E-s7279--247f736abceb069326915fa958fbcc4c.tsv