../../../../.git/annex/objects/xZ/qF/MD5E-s1251--8ca89dc497c77cb41d4b1a221c6f3a71.tsv/MD5E-s1251--8ca89dc497c77cb41d4b1a221c6f3a71.tsv