../../../../.git/annex/objects/2V/0F/MD5E-s58626--9cd500f0301198c7f81fd9ff27292d21.tsv/MD5E-s58626--9cd500f0301198c7f81fd9ff27292d21.tsv