../../../../.git/annex/objects/9v/w0/MD5E-s7339--8cbe1e7ddd7562988d341fc3c46233be.tsv/MD5E-s7339--8cbe1e7ddd7562988d341fc3c46233be.tsv