../../../../.git/annex/objects/J7/Mz/MD5E-s270141--4c93d35baa7573e61588d032143bbbfa.tsv/MD5E-s270141--4c93d35baa7573e61588d032143bbbfa.tsv