../../../../.git/annex/objects/ZG/75/MD5E-s4078477--c46b9b1eef6287ccccdbb156e8c55e3a.tsv/MD5E-s4078477--c46b9b1eef6287ccccdbb156e8c55e3a.tsv