../../../../.git/annex/objects/5j/88/MD5E-s11181--b8925edbb380fee4eab210f451f20c40.tsv/MD5E-s11181--b8925edbb380fee4eab210f451f20c40.tsv