../../../../.git/annex/objects/Pp/Pk/MD5E-s1019584--4500f64405ee43decee07f7273fc9519.tsv/MD5E-s1019584--4500f64405ee43decee07f7273fc9519.tsv