../../../../.git/annex/objects/7W/q3/MD5E-s820482--35f57771f76c023dfbf196457fccd1e1.tsv/MD5E-s820482--35f57771f76c023dfbf196457fccd1e1.tsv