../../../../.git/annex/objects/KG/Xm/MD5E-s2295290--187ef6c396d889aca917d043e8146bc8.tsv/MD5E-s2295290--187ef6c396d889aca917d043e8146bc8.tsv