../../../../.git/annex/objects/49/Kj/MD5E-s1020074--0da8d70482d2c3b95726db2db6712ff7.tsv/MD5E-s1020074--0da8d70482d2c3b95726db2db6712ff7.tsv