../../../../.git/annex/objects/q0/47/MD5E-s3915426--9ce5d63c199a36a349c6e0f1501c9e56.tsv/MD5E-s3915426--9ce5d63c199a36a349c6e0f1501c9e56.tsv