../../../../.git/annex/objects/MM/W6/MD5E-s7329--e45e12eda7c4ad61bbc9f8c58bf81645.tsv/MD5E-s7329--e45e12eda7c4ad61bbc9f8c58bf81645.tsv