../../../../.git/annex/objects/m7/gX/MD5E-s3915692--5dca0ae7dc6f8655e84df1138bbb8472.tsv/MD5E-s3915692--5dca0ae7dc6f8655e84df1138bbb8472.tsv