../../../../.git/annex/objects/Fw/05/MD5E-s825126--1da03028b8b4d512f16beaa5ea40557a.tsv/MD5E-s825126--1da03028b8b4d512f16beaa5ea40557a.tsv