../../../../.git/annex/objects/fV/xv/MD5E-s58668--5bac1a73e53274719a36f9aca8674bf3.tsv/MD5E-s58668--5bac1a73e53274719a36f9aca8674bf3.tsv