../../../../.git/annex/objects/6p/QQ/MD5E-s1018662--283df337d0eeba39bb2c55eabefc4cb3.tsv/MD5E-s1018662--283df337d0eeba39bb2c55eabefc4cb3.tsv