../../../../.git/annex/objects/Xp/KZ/MD5E-s1019530--8d14de6e48c7800005447a53d9ddce1d.tsv/MD5E-s1019530--8d14de6e48c7800005447a53d9ddce1d.tsv