../../../../.git/annex/objects/GZ/f2/MD5E-s25346160--b0ed72bdec64955d8f16c507a2830370.tsv/MD5E-s25346160--b0ed72bdec64955d8f16c507a2830370.tsv