../../../../.git/annex/objects/gQ/V9/MD5E-s4032088--095469732aae2798afbd331220a2a931.tsv/MD5E-s4032088--095469732aae2798afbd331220a2a931.tsv