../../../../.git/annex/objects/Q2/q4/MD5E-s7357--b7cda744d2c0a5dc62379bbab86947c0.tsv/MD5E-s7357--b7cda744d2c0a5dc62379bbab86947c0.tsv