../../../../.git/annex/objects/v9/mj/MD5E-s1020026--9fc0703bad469c3c6996b44727c73571.tsv/MD5E-s1020026--9fc0703bad469c3c6996b44727c73571.tsv