../../../../.git/annex/objects/q9/Vg/MD5E-s1020040--62cc9536a3e38333dfc4f72e72592876.tsv/MD5E-s1020040--62cc9536a3e38333dfc4f72e72592876.tsv