../../../../.git/annex/objects/qk/Pm/MD5E-s7233--c00ee73df3495414bd6550f15081dc87.tsv/MD5E-s7233--c00ee73df3495414bd6550f15081dc87.tsv