../../../../.git/annex/objects/p8/xP/MD5E-s42859--95e7db0794a72ed97bfc6f40adf6c1ba.tsv/MD5E-s42859--95e7db0794a72ed97bfc6f40adf6c1ba.tsv