../../../../.git/annex/objects/kJ/5X/MD5E-s7291--15959faaf8dee9877e66283ae028a944.tsv/MD5E-s7291--15959faaf8dee9877e66283ae028a944.tsv