../../../../.git/annex/objects/Qv/x6/MD5E-s7263--fb58bca77d81b74358e9ac12f4693657.tsv/MD5E-s7263--fb58bca77d81b74358e9ac12f4693657.tsv