../../../../.git/annex/objects/Vk/zj/MD5E-s3917760--28d3713165939b932d811af0926325a3.tsv/MD5E-s3917760--28d3713165939b932d811af0926325a3.tsv