../../../../.git/annex/objects/v5/Mp/MD5E-s7337--1d1d2d2c6791be24cc3d266a27e7443d.tsv/MD5E-s7337--1d1d2d2c6791be24cc3d266a27e7443d.tsv