../../../../.git/annex/objects/m7/XP/MD5E-s270263--90cd58e28ce079803de1f5fee8e0a9ac.tsv/MD5E-s270263--90cd58e28ce079803de1f5fee8e0a9ac.tsv