../../../../.git/annex/objects/Pj/f8/MD5E-s2290622--08e05e86d126e5b2036679aec4746cfd.tsv/MD5E-s2290622--08e05e86d126e5b2036679aec4746cfd.tsv