../../../../.git/annex/objects/65/fv/MD5E-s11227--752c8f1ae7ad5b436543a3d023de8139.tsv/MD5E-s11227--752c8f1ae7ad5b436543a3d023de8139.tsv