../../../../.git/annex/objects/vw/Kp/MD5E-s2298579--8354b4135c491d11adcacc90e69da4b5.tsv/MD5E-s2298579--8354b4135c491d11adcacc90e69da4b5.tsv