../../../../.git/annex/objects/1x/wP/MD5E-s2280502--ee059b588d44466647a2fe784880c226.tsv/MD5E-s2280502--ee059b588d44466647a2fe784880c226.tsv