../../../../.git/annex/objects/3j/Xz/MD5E-s1001958--577b06e852f2967b80443664e7e5b48e.tsv/MD5E-s1001958--577b06e852f2967b80443664e7e5b48e.tsv