../../../../.git/annex/objects/z7/5q/MD5E-s7227--d77a613a7c8c078e791db575708ac72c.tsv/MD5E-s7227--d77a613a7c8c078e791db575708ac72c.tsv