../../../../.git/annex/objects/36/WP/MD5E-s21027847--4ac242be02c7c601457ccad709c92828.tsv/MD5E-s21027847--4ac242be02c7c601457ccad709c92828.tsv