../../../../.git/annex/objects/1j/99/MD5E-s7377--9bddced9a38a366a777bda4feb9660b5.tsv/MD5E-s7377--9bddced9a38a366a777bda4feb9660b5.tsv