../../../../.git/annex/objects/4m/mf/MD5E-s25465558--ef47026f0dab57a79b57a7c4e314e1af.tsv/MD5E-s25465558--ef47026f0dab57a79b57a7c4e314e1af.tsv