../../../../.git/annex/objects/0K/qJ/MD5E-s342424--b07836864f6c416b643e3465eafe7bc7.tsv/MD5E-s342424--b07836864f6c416b643e3465eafe7bc7.tsv