../../../../.git/annex/objects/qm/J6/MD5E-s4079942--8475de60ce83fc08b2851ed1c151b204.tsv/MD5E-s4079942--8475de60ce83fc08b2851ed1c151b204.tsv