../../../../.git/annex/objects/jj/KQ/MD5E-s3894802--2e845b05d33714af885dfb591df471c5.tsv/MD5E-s3894802--2e845b05d33714af885dfb591df471c5.tsv