../../../../.git/annex/objects/x9/Q9/MD5E-s4058256--65c406fdb388fb013e61804f52873919.tsv/MD5E-s4058256--65c406fdb388fb013e61804f52873919.tsv