../../../../.git/annex/objects/Qv/MJ/MD5E-s1009340--b0fe8823808889702402cd5e0e1452db.tsv/MD5E-s1009340--b0fe8823808889702402cd5e0e1452db.tsv