../../../../.git/annex/objects/fF/35/MD5E-s25483230--c638f6539c172b3a23751e3671a598fd.tsv/MD5E-s25483230--c638f6539c172b3a23751e3671a598fd.tsv