../../../../.git/annex/objects/2V/40/MD5E-s270329--b0119c43a5708f3a11a30161c67ac558.tsv/MD5E-s270329--b0119c43a5708f3a11a30161c67ac558.tsv