../../../../.git/annex/objects/wm/P0/MD5E-s2285824--e7ab8ccfafb5bcf855f3d53633f95fba.tsv/MD5E-s2285824--e7ab8ccfafb5bcf855f3d53633f95fba.tsv