../../../../.git/annex/objects/pj/f0/MD5E-s620--16b43dd1eab4388f59b82d89ceb5e8ad.tsv/MD5E-s620--16b43dd1eab4388f59b82d89ceb5e8ad.tsv