../../../../.git/annex/objects/PF/VX/MD5E-s4072676--84de4e7a242a1126fe66606e2c1d5fab.tsv/MD5E-s4072676--84de4e7a242a1126fe66606e2c1d5fab.tsv