../../../../.git/annex/objects/6f/vz/MD5E-s11183--b313b941af598c7b24596a88aa1b7b95.tsv/MD5E-s11183--b313b941af598c7b24596a88aa1b7b95.tsv