../../../../.git/annex/objects/VP/9m/MD5E-s7333--d86aebe54edb855494e416ee7254ce30.tsv/MD5E-s7333--d86aebe54edb855494e416ee7254ce30.tsv