../../../../.git/annex/objects/gX/Gj/MD5E-s1249--c73bbdda43842c524582481bfee28974.tsv/MD5E-s1249--c73bbdda43842c524582481bfee28974.tsv