../../../../.git/annex/objects/gm/mV/MD5E-s7325--60fa694fe5603c1f3835cf32f19b3a64.tsv/MD5E-s7325--60fa694fe5603c1f3835cf32f19b3a64.tsv