../../../../.git/annex/objects/k3/Jg/MD5E-s3917868--5b9f92b07979da983338f85045fa2238.tsv/MD5E-s3917868--5b9f92b07979da983338f85045fa2238.tsv