../../../../.git/annex/objects/95/xj/MD5E-s58248--e968850034a09bbc30ccc09ee8057cd8.tsv/MD5E-s58248--e968850034a09bbc30ccc09ee8057cd8.tsv