../../../../.git/annex/objects/q9/wJ/MD5E-s3919700--fd4bc6e0329568031032067fa714c7a0.tsv/MD5E-s3919700--fd4bc6e0329568031032067fa714c7a0.tsv