../../../../.git/annex/objects/xm/1P/MD5E-s825120--351d966ea6ebcc881ca6c345a70947c6.tsv/MD5E-s825120--351d966ea6ebcc881ca6c345a70947c6.tsv