../../../../.git/annex/objects/Vv/GM/MD5E-s25501983--b0b53eaf42c356ae76468fc16ea2d388.tsv/MD5E-s25501983--b0b53eaf42c356ae76468fc16ea2d388.tsv