../../../../.git/annex/objects/0f/vm/MD5E-s20995340--b43ad17a3d64976105c269eaa60d5844.tsv/MD5E-s20995340--b43ad17a3d64976105c269eaa60d5844.tsv