../../../../.git/annex/objects/5M/V7/MD5E-s1019044--7be5f66a11460c60fdad766400cc5c4f.tsv/MD5E-s1019044--7be5f66a11460c60fdad766400cc5c4f.tsv