../../../../.git/annex/objects/5Q/Wp/MD5E-s2291644--90de355339a0f6c837fb6fb74b524e35.tsv/MD5E-s2291644--90de355339a0f6c837fb6fb74b524e35.tsv