../../../../.git/annex/objects/wV/vV/MD5E-s1245--2ac0f5104615feee8e86a5bc31724b87.tsv/MD5E-s1245--2ac0f5104615feee8e86a5bc31724b87.tsv