../../../../.git/annex/objects/Gj/x8/MD5E-s1239--3e8327696a7aac75a8dcc4489b82b9af.tsv/MD5E-s1239--3e8327696a7aac75a8dcc4489b82b9af.tsv