../../../../.git/annex/objects/qw/Pq/MD5E-s4080088--3077d48bd6d52d9e406022abae54d210.tsv/MD5E-s4080088--3077d48bd6d52d9e406022abae54d210.tsv