../../../../.git/annex/objects/jx/jQ/MD5E-s1020444--f852eccd58c12bdfd26d1a2a5f83b723.tsv/MD5E-s1020444--f852eccd58c12bdfd26d1a2a5f83b723.tsv