../../../../.git/annex/objects/MW/6w/MD5E-s2291740--08b72019b32ac4d058424bf75de5491a.tsv/MD5E-s2291740--08b72019b32ac4d058424bf75de5491a.tsv