../../../../.git/annex/objects/z7/Xz/MD5E-s2292302--64fe4547c9e95e3f856b5d2fd260a79d.tsv/MD5E-s2292302--64fe4547c9e95e3f856b5d2fd260a79d.tsv