../../../../.git/annex/objects/mw/vM/MD5E-s4077710--6a64788dc83b0c9102a77cd53567eaf3.tsv/MD5E-s4077710--6a64788dc83b0c9102a77cd53567eaf3.tsv