../../../../.git/annex/objects/px/Q9/MD5E-s20982012--dadd23de6dd3008f93d8ee75ba958e3e.tsv/MD5E-s20982012--dadd23de6dd3008f93d8ee75ba958e3e.tsv