../../../../.git/annex/objects/JV/FG/MD5E-s633--ebeb3d2cc91afca21709bb867d6ef086.tsv/MD5E-s633--ebeb3d2cc91afca21709bb867d6ef086.tsv