../../../../.git/annex/objects/Q5/Gf/MD5E-s3918616--6b3c8cbe0840544da470766732bab132.tsv/MD5E-s3918616--6b3c8cbe0840544da470766732bab132.tsv