../../../../.git/annex/objects/V6/kW/MD5E-s25450606--ba2661d862283a4323fbfb37ce448d62.tsv/MD5E-s25450606--ba2661d862283a4323fbfb37ce448d62.tsv