../../../../.git/annex/objects/1j/Jp/MD5E-s4075316--eecb0cc6e26605546e2621b2305d2344.tsv/MD5E-s4075316--eecb0cc6e26605546e2621b2305d2344.tsv