../../../../.git/annex/objects/vX/6m/MD5E-s20830973--595874f8063298460e260b746bd46e6c.tsv/MD5E-s20830973--595874f8063298460e260b746bd46e6c.tsv