../../../../.git/annex/objects/Q9/0k/MD5E-s2264086--9c4251acceeebf8f57ff789be588d074.tsv/MD5E-s2264086--9c4251acceeebf8f57ff789be588d074.tsv