../../../../.git/annex/objects/V9/k7/MD5E-s20939855--70a66552001d2dc983117c3e3ec41bb1.tsv/MD5E-s20939855--70a66552001d2dc983117c3e3ec41bb1.tsv