../../../../.git/annex/objects/j4/m6/MD5E-s7371--9c4c9e393800f894369fbe31ba679ba3.tsv/MD5E-s7371--9c4c9e393800f894369fbe31ba679ba3.tsv