../../../../.git/annex/objects/J6/FW/MD5E-s58668--456645b7b0b1f2241025c1a2d0867edd.tsv/MD5E-s58668--456645b7b0b1f2241025c1a2d0867edd.tsv