../../../../.git/annex/objects/W4/6g/MD5E-s11151--c26ed8d7b781386d994af35dc86f71b9.tsv/MD5E-s11151--c26ed8d7b781386d994af35dc86f71b9.tsv