../../../../.git/annex/objects/jw/fG/MD5E-s11075--69a45c1aae075eae0cca1c864c002015.tsv/MD5E-s11075--69a45c1aae075eae0cca1c864c002015.tsv