../../../../.git/annex/objects/j4/MG/MD5E-s11207--d71ce9182c18016dd291e6f8f63e2369.tsv/MD5E-s11207--d71ce9182c18016dd291e6f8f63e2369.tsv