../../../../.git/annex/objects/1j/JQ/MD5E-s1007884--f33ba1741238cda17a09df162d0de3c0.tsv/MD5E-s1007884--f33ba1741238cda17a09df162d0de3c0.tsv