../../../../.git/annex/objects/Jg/f7/MD5E-s270395--d024f684214e275de1cf3616e4004b06.tsv/MD5E-s270395--d024f684214e275de1cf3616e4004b06.tsv