../../../../.git/annex/objects/ww/mx/MD5E-s626--a6061849f912ca6307dec09f46fc583d.tsv/MD5E-s626--a6061849f912ca6307dec09f46fc583d.tsv