../../../../.git/annex/objects/pp/FF/MD5E-s11213--487a0f884c201e893c03b148b0befe82.tsv/MD5E-s11213--487a0f884c201e893c03b148b0befe82.tsv