../../../../.git/annex/objects/77/Wm/MD5E-s2285384--18b498cf4e75c866917ebfec0d8b0435.tsv/MD5E-s2285384--18b498cf4e75c866917ebfec0d8b0435.tsv