../../../../.git/annex/objects/Jp/7z/MD5E-s3914828--cee0e9893f681cc819e0dcce2d5db570.tsv/MD5E-s3914828--cee0e9893f681cc819e0dcce2d5db570.tsv