../../../../.git/annex/objects/Wk/7w/MD5E-s58240--eadecdea0f84e230a79e5a22fa7b41eb.tsv/MD5E-s58240--eadecdea0f84e230a79e5a22fa7b41eb.tsv