../../../../.git/annex/objects/9F/gQ/MD5E-s4080180--658376091e165da5a30cb3a41f5d81aa.tsv/MD5E-s4080180--658376091e165da5a30cb3a41f5d81aa.tsv