../../../../.git/annex/objects/41/3p/MD5E-s3914054--e2ff498c3f9cd575b9a231f691250db6.tsv/MD5E-s3914054--e2ff498c3f9cd575b9a231f691250db6.tsv