../../../../.git/annex/objects/27/Z6/MD5E-s7325--744b313daa7a3bc434d277b3bd8ef724.tsv/MD5E-s7325--744b313daa7a3bc434d277b3bd8ef724.tsv