../../../../.git/annex/objects/vX/jK/MD5E-s3916706--7f2f9c75051034a70cd79b90d4731c29.tsv/MD5E-s3916706--7f2f9c75051034a70cd79b90d4731c29.tsv