../../../../.git/annex/objects/9Z/fJ/MD5E-s1019836--050bd52ac13fdc23d4d67f847da29e28.tsv/MD5E-s1019836--050bd52ac13fdc23d4d67f847da29e28.tsv