../../../../.git/annex/objects/4G/5m/MD5E-s1249--1276f2e7b021a8a787cac161fd9d6ea0.tsv/MD5E-s1249--1276f2e7b021a8a787cac161fd9d6ea0.tsv