../../../../.git/annex/objects/WZ/vJ/MD5E-s1253--29455edbe6046949392be34069fd4842.tsv/MD5E-s1253--29455edbe6046949392be34069fd4842.tsv