../../../../.git/annex/objects/4V/5X/MD5E-s823572--1c0f25f770c124b05eb5df8ef536e63a.tsv/MD5E-s823572--1c0f25f770c124b05eb5df8ef536e63a.tsv