../../../../.git/annex/objects/WP/45/MD5E-s2288718--17dc561ffdcc6a2093bb58bb5e45dc03.tsv/MD5E-s2288718--17dc561ffdcc6a2093bb58bb5e45dc03.tsv