../../../../.git/annex/objects/0M/Fz/MD5E-s2293156--da3fd4906e69b19362c5f6471393d51b.tsv/MD5E-s2293156--da3fd4906e69b19362c5f6471393d51b.tsv