../../../../.git/annex/objects/Kz/1G/MD5E-s4070850--4054578b59e8da8ec2dd027377896cd7.tsv/MD5E-s4070850--4054578b59e8da8ec2dd027377896cd7.tsv