../../../../.git/annex/objects/MQ/gP/MD5E-s1021202--2950beabbcb0eeb18b8b92e6b4589450.tsv/MD5E-s1021202--2950beabbcb0eeb18b8b92e6b4589450.tsv