../../../../.git/annex/objects/Z7/pp/MD5E-s1021146--026a366f52156799cb14b16c465d1934.tsv/MD5E-s1021146--026a366f52156799cb14b16c465d1934.tsv