../../../../.git/annex/objects/mV/w1/MD5E-s341604--bec0df49c0527159c74e8d02370cfb01.tsv/MD5E-s341604--bec0df49c0527159c74e8d02370cfb01.tsv