../../../../.git/annex/objects/5G/kp/MD5E-s7345--9cb46090c1cb6a6cf855acfcf17e01de.tsv/MD5E-s7345--9cb46090c1cb6a6cf855acfcf17e01de.tsv