../../../../.git/annex/objects/wM/Wm/MD5E-s824938--73553994d1872c6eca3963cf6b3d0308.tsv/MD5E-s824938--73553994d1872c6eca3963cf6b3d0308.tsv