../../../../.git/annex/objects/JX/W9/MD5E-s823258--c93c79ceef7ff49ce05c14b80b8574e8.tsv/MD5E-s823258--c93c79ceef7ff49ce05c14b80b8574e8.tsv