../../../../.git/annex/objects/7p/4j/MD5E-s1011654--e128c2bf8bb4c5be5c7da9bdd7eff742.tsv/MD5E-s1011654--e128c2bf8bb4c5be5c7da9bdd7eff742.tsv