../../../../.git/annex/objects/12/gJ/MD5E-s827509--32ba823c5eb8b5f3d83989a2e71e2a19.tsv/MD5E-s827509--32ba823c5eb8b5f3d83989a2e71e2a19.tsv