../../../../.git/annex/objects/2k/79/MD5E-s1251--b15a2a7fca9ba8f64819239f08945056.tsv/MD5E-s1251--b15a2a7fca9ba8f64819239f08945056.tsv