../../../../.git/annex/objects/0g/F4/MD5E-s3918812--64f220bc5d9408f7640e2df9e395e8f0.tsv/MD5E-s3918812--64f220bc5d9408f7640e2df9e395e8f0.tsv