../../../../.git/annex/objects/jW/P1/MD5E-s7389--be95854ec0929ce85c7294d3ff855d97.tsv/MD5E-s7389--be95854ec0929ce85c7294d3ff855d97.tsv