../../../../.git/annex/objects/M1/zg/MD5E-s7275--a33e6ebc37105564a2d02ceabc2d4abe.tsv/MD5E-s7275--a33e6ebc37105564a2d02ceabc2d4abe.tsv