../../../../.git/annex/objects/Jz/mG/MD5E-s42559--24979c28987d12be91f285113ad58f90.tsv/MD5E-s42559--24979c28987d12be91f285113ad58f90.tsv