../../../../.git/annex/objects/Fm/KV/MD5E-s1018870--37d280d62f50af2547dfce27c02b705b.tsv/MD5E-s1018870--37d280d62f50af2547dfce27c02b705b.tsv