../../../../.git/annex/objects/Kv/z9/MD5E-s11209--0b7c9d978dc344830e4c40b063fdf283.tsv/MD5E-s11209--0b7c9d978dc344830e4c40b063fdf283.tsv