../../../../.git/annex/objects/KP/F3/MD5E-s42709--6497267535f7a011fad468831f2261bd.tsv/MD5E-s42709--6497267535f7a011fad468831f2261bd.tsv