../../../../.git/annex/objects/73/zZ/MD5E-s58734--37e1de945f022f04cba61b60a658b960.tsv/MD5E-s58734--37e1de945f022f04cba61b60a658b960.tsv