../../../../.git/annex/objects/6j/Vz/MD5E-s1019092--2de5f2c6fe712e91a641f22226eace93.tsv/MD5E-s1019092--2de5f2c6fe712e91a641f22226eace93.tsv