../../../../.git/annex/objects/JP/gJ/MD5E-s4082058--fb822073f08497cc3b96b51eef1bf6cc.tsv/MD5E-s4082058--fb822073f08497cc3b96b51eef1bf6cc.tsv