../../../../.git/annex/objects/0P/6v/MD5E-s4072160--ab1c4ac8c375e31e5e7295b4ff883e85.tsv/MD5E-s4072160--ab1c4ac8c375e31e5e7295b4ff883e85.tsv