../../../../.git/annex/objects/4Q/7X/MD5E-s1251--7c746e3a2be0812d5cc249edf8089b59.tsv/MD5E-s1251--7c746e3a2be0812d5cc249edf8089b59.tsv