../../../../.git/annex/objects/g8/33/MD5E-s7281--032894d9af09e049f806e0fe921b80d1.tsv/MD5E-s7281--032894d9af09e049f806e0fe921b80d1.tsv