../../../../.git/annex/objects/97/9f/MD5E-s7343--a796a96452f9552d197ebdff5a6d70f5.tsv/MD5E-s7343--a796a96452f9552d197ebdff5a6d70f5.tsv