../../../../.git/annex/objects/G1/jz/MD5E-s1239--8ea4cea7aef007561808f569f20eec6e.tsv/MD5E-s1239--8ea4cea7aef007561808f569f20eec6e.tsv