../../../../.git/annex/objects/MP/vZ/MD5E-s1019632--465325bc41871ee210895cc40fc411eb.tsv/MD5E-s1019632--465325bc41871ee210895cc40fc411eb.tsv