../../../../.git/annex/objects/VJ/jz/MD5E-s21014024--8ef2bc5480792ac810e2b2fe6cfb812a.tsv/MD5E-s21014024--8ef2bc5480792ac810e2b2fe6cfb812a.tsv