../../../../.git/annex/objects/2Z/6m/MD5E-s25445036--89dc1030128bbee933302efb7a140eba.tsv/MD5E-s25445036--89dc1030128bbee933302efb7a140eba.tsv