../../../../.git/annex/objects/4k/gK/MD5E-s7347--0bb0f5967fcb6efa3f0573340ec9ee96.tsv/MD5E-s7347--0bb0f5967fcb6efa3f0573340ec9ee96.tsv