../../../../.git/annex/objects/65/W9/MD5E-s7339--847a98b081f2d873dc717a6a8e5c56fe.tsv/MD5E-s7339--847a98b081f2d873dc717a6a8e5c56fe.tsv