../../../../.git/annex/objects/5J/jG/MD5E-s7357--cc0df89ab10101dd707e4205d4947ec6.tsv/MD5E-s7357--cc0df89ab10101dd707e4205d4947ec6.tsv