../../../../.git/annex/objects/3K/8w/MD5E-s7363--6ca3b6cc114fc563755d4962332947cd.tsv/MD5E-s7363--6ca3b6cc114fc563755d4962332947cd.tsv