../../../../.git/annex/objects/WQ/FW/MD5E-s1017668--b448e75c5e11d32754c31a0b3c08559e.tsv/MD5E-s1017668--b448e75c5e11d32754c31a0b3c08559e.tsv