../../../../.git/annex/objects/gp/j6/MD5E-s7395--e1d1fc150f279875f4609275ae9acc3b.tsv/MD5E-s7395--e1d1fc150f279875f4609275ae9acc3b.tsv