../../../../.git/annex/objects/5F/Gv/MD5E-s4080782--b99b2ee97bc4a7101922a9bc9f5023c1.tsv/MD5E-s4080782--b99b2ee97bc4a7101922a9bc9f5023c1.tsv