../../../../.git/annex/objects/1k/vQ/MD5E-s42809--da07051efc1cd4b029ff118be5dd4a7f.tsv/MD5E-s42809--da07051efc1cd4b029ff118be5dd4a7f.tsv