../../../../.git/annex/objects/qJ/q2/MD5E-s4083416--58a09a14472b592d6a0f04408aaf8ed6.tsv/MD5E-s4083416--58a09a14472b592d6a0f04408aaf8ed6.tsv