../../../../.git/annex/objects/4j/7Z/MD5E-s270131--2d6d407c591c91c9554f63ae3a5dcddb.tsv/MD5E-s270131--2d6d407c591c91c9554f63ae3a5dcddb.tsv