../../../../.git/annex/objects/k3/9M/MD5E-s4079504--4dd6d490f17f719599396ef5c71a2603.tsv/MD5E-s4079504--4dd6d490f17f719599396ef5c71a2603.tsv