../../../../.git/annex/objects/5p/jV/MD5E-s7335--355526986dcb751b57c2b2c9d5159c14.tsv/MD5E-s7335--355526986dcb751b57c2b2c9d5159c14.tsv