../../../../.git/annex/objects/0j/JP/MD5E-s7339--c40661093c2303dcdf2b36fe199d8a8b.tsv/MD5E-s7339--c40661093c2303dcdf2b36fe199d8a8b.tsv