../../../../.git/annex/objects/9Z/kx/MD5E-s1245--1362e4d461c703b81951edfb8f45556c.tsv/MD5E-s1245--1362e4d461c703b81951edfb8f45556c.tsv