../../../../.git/annex/objects/qq/7Z/MD5E-s4065094--4663444c7eec98855751c5a64bbcdfef.tsv/MD5E-s4065094--4663444c7eec98855751c5a64bbcdfef.tsv