../../../../.git/annex/objects/45/j6/MD5E-s25489680--55a8eef376cef2c6901a05f85190aad9.tsv/MD5E-s25489680--55a8eef376cef2c6901a05f85190aad9.tsv