../../../../.git/annex/objects/w4/Vm/MD5E-s7389--54e43d2fa18696853d834e8eefc92636.tsv/MD5E-s7389--54e43d2fa18696853d834e8eefc92636.tsv