../../../../.git/annex/objects/Wx/G5/MD5E-s2282830--9e7137c3386b033e2e414688d1c6ce9b.tsv/MD5E-s2282830--9e7137c3386b033e2e414688d1c6ce9b.tsv