../../../../.git/annex/objects/2G/j7/MD5E-s7235--8fe770547dd60102bcca727a7c8953f7.tsv/MD5E-s7235--8fe770547dd60102bcca727a7c8953f7.tsv