../../../../.git/annex/objects/75/Vm/MD5E-s1241--f056fe74f04b468134f98e3633d821b3.tsv/MD5E-s1241--f056fe74f04b468134f98e3633d821b3.tsv