../../../../.git/annex/objects/pM/K8/MD5E-s267731--17367097e7876b2f23c8ae7d287c5903.tsv/MD5E-s267731--17367097e7876b2f23c8ae7d287c5903.tsv