../../../../.git/annex/objects/8K/zX/MD5E-s7283--a4d64e5a37521301b71d708fbb28a1d3.tsv/MD5E-s7283--a4d64e5a37521301b71d708fbb28a1d3.tsv