../../../../.git/annex/objects/f1/pV/MD5E-s266127--620582186c71bcb702b57668eeadd2b8.tsv/MD5E-s266127--620582186c71bcb702b57668eeadd2b8.tsv