../../../../.git/annex/objects/J3/zg/MD5E-s2292216--9abd7a2ae223d5bc1b3b3772a177a9fc.tsv/MD5E-s2292216--9abd7a2ae223d5bc1b3b3772a177a9fc.tsv