../../../../.git/annex/objects/Mj/w7/MD5E-s7367--88c4e7e69631ae70b78c4e4a5c1926ed.tsv/MD5E-s7367--88c4e7e69631ae70b78c4e4a5c1926ed.tsv