../../../../.git/annex/objects/zQ/pg/MD5E-s42807--80b1973737c96266cb60dcfbd52f844b.tsv/MD5E-s42807--80b1973737c96266cb60dcfbd52f844b.tsv