../../../../.git/annex/objects/2f/x4/MD5E-s633--bc1dad46fbceda745875074b55bc68cc.tsv/MD5E-s633--bc1dad46fbceda745875074b55bc68cc.tsv