../../../../.git/annex/objects/pM/m4/MD5E-s4078628--51d21c1b7dcf1f53f5736e8db69dcbda.tsv/MD5E-s4078628--51d21c1b7dcf1f53f5736e8db69dcbda.tsv