../../../../.git/annex/objects/VX/1m/MD5E-s21012611--9207d0306d53cd3e0d6c1276f83b0f6c.tsv/MD5E-s21012611--9207d0306d53cd3e0d6c1276f83b0f6c.tsv