../../../../.git/annex/objects/xj/3p/MD5E-s1249--65cb07a1b3ef477954cdab1f77d6c437.tsv/MD5E-s1249--65cb07a1b3ef477954cdab1f77d6c437.tsv