../../../../.git/annex/objects/69/QF/MD5E-s1251--c651af2e97c34df503e0e977c366b0fb.tsv/MD5E-s1251--c651af2e97c34df503e0e977c366b0fb.tsv