../../../../.git/annex/objects/qp/43/MD5E-s25481616--dcaaa747673b85af75f170686b344a78.tsv/MD5E-s25481616--dcaaa747673b85af75f170686b344a78.tsv