../../../../.git/annex/objects/KK/gW/MD5E-s11215--b37b9839f131b1f33827f389b602e49d.tsv/MD5E-s11215--b37b9839f131b1f33827f389b602e49d.tsv