../../../../.git/annex/objects/W9/Vq/MD5E-s25481488--f6ca2b89ab8cf0f402483122b4a57fea.tsv/MD5E-s25481488--f6ca2b89ab8cf0f402483122b4a57fea.tsv