../../../../.git/annex/objects/zp/pJ/MD5E-s341322--8db1495ab71b684512687982215233ac.tsv/MD5E-s341322--8db1495ab71b684512687982215233ac.tsv