../../../../.git/annex/objects/3z/7M/MD5E-s58614--84f0860dc3c0927f20415aac7cfdb72f.tsv/MD5E-s58614--84f0860dc3c0927f20415aac7cfdb72f.tsv