../../../../.git/annex/objects/Qx/Kv/MD5E-s1010230--e76e310be3c5464e09e74ba8eaf9fdad.tsv/MD5E-s1010230--e76e310be3c5464e09e74ba8eaf9fdad.tsv