../../../../.git/annex/objects/7q/JF/MD5E-s3913456--5af12403f05fee11b814ea6fd1c3d262.tsv/MD5E-s3913456--5af12403f05fee11b814ea6fd1c3d262.tsv