../../../../.git/annex/objects/9v/VZ/MD5E-s4077136--b6003661f321d9d17314e533f1450349.tsv/MD5E-s4077136--b6003661f321d9d17314e533f1450349.tsv