../../../../.git/annex/objects/M3/xM/MD5E-s21007628--8a238ac2b197d2e014ea8a2e2d68b2a3.tsv/MD5E-s21007628--8a238ac2b197d2e014ea8a2e2d68b2a3.tsv