../../../../.git/annex/objects/VP/Wm/MD5E-s11187--653c58588f67cf46887d8e91ad81003d.tsv/MD5E-s11187--653c58588f67cf46887d8e91ad81003d.tsv