../../../../.git/annex/objects/jG/QM/MD5E-s343094--b023850f825fa2db67526e337025b74b.tsv/MD5E-s343094--b023850f825fa2db67526e337025b74b.tsv