../../../../.git/annex/objects/WW/Wf/MD5E-s1249--1b399112e2371123323e1a632ddd1846.tsv/MD5E-s1249--1b399112e2371123323e1a632ddd1846.tsv