../../../../.git/annex/objects/V6/ZV/MD5E-s7333--6f76519f2e648c947e15e42bffd06812.tsv/MD5E-s7333--6f76519f2e648c947e15e42bffd06812.tsv