../../../../.git/annex/objects/Wv/m1/MD5E-s342216--c5cd1b03c28c8ae17fc68daf6124598b.tsv/MD5E-s342216--c5cd1b03c28c8ae17fc68daf6124598b.tsv