../../../../.git/annex/objects/x8/fj/MD5E-s627--eb930db407566ed956e1a203ed82b233.tsv/MD5E-s627--eb930db407566ed956e1a203ed82b233.tsv