../../../../.git/annex/objects/p3/28/MD5E-s11151--3caad124874f3c4eea419dbe4ba93535.tsv/MD5E-s11151--3caad124874f3c4eea419dbe4ba93535.tsv