../../../../.git/annex/objects/8P/WG/MD5E-s343048--6e01d55dec66bd989edc02f5ab323df2.tsv/MD5E-s343048--6e01d55dec66bd989edc02f5ab323df2.tsv