../../../../.git/annex/objects/g0/6P/MD5E-s7349--aefef1b759a257ee7bee64f458c1a475.tsv/MD5E-s7349--aefef1b759a257ee7bee64f458c1a475.tsv