../../../../.git/annex/objects/mP/g8/MD5E-s1018652--f65066ea79424d823a7a7bb1a1246780.tsv/MD5E-s1018652--f65066ea79424d823a7a7bb1a1246780.tsv