../../../../.git/annex/objects/vp/64/MD5E-s42387--b46adf779fe2e8ec91c0948c87e9c59c.tsv/MD5E-s42387--b46adf779fe2e8ec91c0948c87e9c59c.tsv