../../../../.git/annex/objects/W8/Pj/MD5E-s25389142--5999cbc07a34e85e5c125aea2f81af24.tsv/MD5E-s25389142--5999cbc07a34e85e5c125aea2f81af24.tsv