../../../../.git/annex/objects/QM/Xp/MD5E-s340460--92d86b7a7eebc14f18cce02f5d693f56.tsv/MD5E-s340460--92d86b7a7eebc14f18cce02f5d693f56.tsv