../../../../.git/annex/objects/5m/j8/MD5E-s7361--3b268b19f1749c2cca2962e7cb58c062.tsv/MD5E-s7361--3b268b19f1749c2cca2962e7cb58c062.tsv