../../../../.git/annex/objects/9v/VG/MD5E-s7335--6db0bb608eac7182b48d222b864564d0.tsv/MD5E-s7335--6db0bb608eac7182b48d222b864564d0.tsv