../../../../.git/annex/objects/29/4X/MD5E-s818330--28835c038d8db77b949c96b24cd54e10.tsv/MD5E-s818330--28835c038d8db77b949c96b24cd54e10.tsv