../../../../.git/annex/objects/g7/M5/MD5E-s1251--3a7827230f939120d8a6b5d6e01c0ec8.tsv/MD5E-s1251--3a7827230f939120d8a6b5d6e01c0ec8.tsv