../../../../.git/annex/objects/Q4/M7/MD5E-s3917864--02a588b6b16cb9820ef4081fb08a458a.tsv/MD5E-s3917864--02a588b6b16cb9820ef4081fb08a458a.tsv