../../../../.git/annex/objects/6J/Mg/MD5E-s822896--9c6b1ea83683a142d7cf386939137cd2.tsv/MD5E-s822896--9c6b1ea83683a142d7cf386939137cd2.tsv