../../../../.git/annex/objects/km/Mg/MD5E-s1241--194aac4663dbdcd0b75eff10a9514751.tsv/MD5E-s1241--194aac4663dbdcd0b75eff10a9514751.tsv