../../../../.git/annex/objects/7Q/19/MD5E-s4073936--9289e019e0c4b4e8b5b1c6bc263cfb4e.tsv/MD5E-s4073936--9289e019e0c4b4e8b5b1c6bc263cfb4e.tsv