../../../../.git/annex/objects/q8/j9/MD5E-s1245--e3e35e6768c129d74b8e7472616abba6.tsv/MD5E-s1245--e3e35e6768c129d74b8e7472616abba6.tsv