../../../../.git/annex/objects/KV/Wm/MD5E-s3914288--b259876e69bfec764478f126bf52d5f5.tsv/MD5E-s3914288--b259876e69bfec764478f126bf52d5f5.tsv