../../../../.git/annex/objects/98/j7/MD5E-s1257--2a8bc725e8229a809a555eb48eefeed9.tsv/MD5E-s1257--2a8bc725e8229a809a555eb48eefeed9.tsv