../../../../.git/annex/objects/jg/M9/MD5E-s1018822--1f226eaae44785a21b285057f2c72dfd.tsv/MD5E-s1018822--1f226eaae44785a21b285057f2c72dfd.tsv