../../../../.git/annex/objects/0X/wv/MD5E-s11215--eb1da66a6871dcb625e553211ab40aad.tsv/MD5E-s11215--eb1da66a6871dcb625e553211ab40aad.tsv